
########## BASE (EMA+RSI on): per-trade, net 0.10%/side ##########
year    n  win%   PF  avg%  median%
2005  213  54.9 1.51  0.63     0.38
2006  175  49.7 1.08  0.14    -0.09
2007  231  44.6 0.58 -1.05    -0.52
2008  171  39.2 0.52 -1.61    -1.78
2009  206  54.9 1.78  1.76     0.88
2010  206  55.8 1.09  0.18     0.89
2011  177  45.2 0.75 -0.60    -0.48
2012  216  52.8 1.10  0.17     0.19
2013  243  65.4 2.25  1.17     1.16
2014  260  59.6 1.64  0.87     0.94
2015  232  43.5 0.68 -0.66    -0.56
2016  237  52.3 1.31  0.53     0.21
2017  229  56.8 1.18  0.24     0.44
2018  221  48.9 0.69 -0.73    -0.10
2019  245  65.7 2.23  1.48     1.47
2020  220  45.0 0.83 -0.53    -1.09
2021  271  59.0 1.71  1.21     1.22
2022  257  51.0 0.95 -0.12     0.16
2023  239  56.9 1.78  1.29     1.01
2024  278  55.0 1.26  0.51     0.48
2025  262  51.1 1.10  0.23     0.10
2026  189  47.1 1.03  0.06    -0.46
 ALL 4978  53.0 1.15  0.28     0.31

-- calendar-year returns (median of 3 seeds; trades taken 3937-4114) --
Date        2005  2006  2007  2008  2009  2010  2011  2012  2013  2014  2015  2016  2017  2018  2019  2020  2021  2022  2023  2024  2025  2026
strategy %   6.9   1.4 -10.5 -13.0  14.9   3.5  -2.2   1.3  13.3   5.2  -3.6   3.4   2.9  -2.7  17.8  -7.3   7.3 -10.2   8.5   3.9   3.2  -1.5
SPY %        5.3  15.8   5.1 -36.8  26.4  15.1   1.9  16.0  32.3  13.5   1.2  12.0  21.7  -4.6  31.2  18.3  28.7 -18.2  26.2  24.9  17.7  12.7

-- bear windows (return % | max drawdown %) strategy vs SPY --
  2008 crash  strategy  -19.5 |  -19.5    SPY  -55.2 |  -55.2    -> SURVIVES
  2020 crash  strategy   -8.9 |   -9.0    SPY  -33.7 |  -33.7    -> SURVIVES
  2022 bear   strategy  -13.3 |  -13.3    SPY  -24.5 |  -24.5    -> SURVIVES
  whole period: strategy 43% (maxDD -27.9%) vs SPY 842% (maxDD -55.2%)

########## H-B (EMA+RSI off): per-trade, net 0.10%/side ##########
year    n  win%   PF  avg%  median%
2005  302  56.0 1.82  0.98     0.59
2006  282  52.5 1.01  0.02     0.29
2007  340  45.0 0.59 -1.04    -0.59
2008  331  37.5 0.49 -2.09    -2.63
2009  316  53.5 1.42  1.03     0.51
2010  339  54.9 1.06  0.12     0.70
2011  297  41.8 0.63 -1.01    -1.03
2012  360  51.1 0.96 -0.08     0.04
2013  370  63.8 2.01  0.98     0.93
2014  392  58.4 1.57  0.75     0.90
2015  367  43.3 0.63 -0.77    -0.66
2016  396  56.3 1.46  0.75     0.56
2017  389  56.3 1.29  0.35     0.44
2018  349  48.4 0.68 -0.78    -0.20
2019  433  65.4 2.32  1.60     1.68
2020  386  44.3 0.74 -0.85    -1.09
2021  402  58.2 1.61  1.03     1.14
2022  449  48.8 0.84 -0.46    -0.19
2023  431  58.2 1.77  1.20     1.06
2024  433  55.9 1.40  0.74     0.56
2025  459  51.0 1.08  0.18     0.08
2026  302  49.7 1.22  0.52    -0.15
 ALL 8125  52.6 1.09  0.18     0.28

-- calendar-year returns (median of 3 seeds; trades taken 3552-4236) --
Date        2005  2006  2007  2008  2009  2010  2011  2012  2013  2014  2015  2016  2017  2018  2019  2020  2021  2022  2023  2024  2025  2026
strategy %  15.5   1.0 -13.3 -16.7   8.0  -0.4  -5.6  -3.6  12.1   6.2  -7.3  -0.4   3.7  -6.1  13.3   0.6   2.2  -2.2   5.3   7.4   4.0   2.0
SPY %        5.3  15.8   5.1 -36.8  26.4  15.1   1.9  16.0  32.3  13.5   1.2  12.0  21.7  -4.6  31.2  18.3  28.7 -18.2  26.2  24.9  17.7  12.7

-- bear windows (return % | max drawdown %) strategy vs SPY --
  2008 crash  strategy  -26.1 |  -26.2    SPY  -55.2 |  -55.2    -> SURVIVES
  2020 crash  strategy   -8.8 |   -8.8    SPY  -33.7 |  -33.7    -> SURVIVES
  2022 bear   strategy   -4.0 |   -4.2    SPY  -24.5 |  -24.5    -> SURVIVES
  whole period: strategy 21% (maxDD -33.6%) vs SPY 842% (maxDD -55.2%)
